4,0,1.00007,1.00007,1163264,9305461.95166,,,142,false
4,100.000121,101.000119,0.999998,442368,3538950.750013,,,54,false
4,10.000067,11.000074,1.000007,1196032,9568189.844207,,,146,false
4,1.00007,2.000066,0.999996,1196032,9568292.500139,,,146,false
4,101.000119,102.00007,0.999951,991232,7930245.487879,,,121,false
4,102.00007,103.000119,1.000049,401408,3211106.288996,,,49,false
4,103.000119,104.000141,1.000022,270336,2162640.56354,,,33,false
4,104.000141,105.000119,0.999978,524288,4194396.002018,,,64,false
4,105.000119,106.00007,0.999951,696320,5570833.607188,,,85,false
4,106.00007,107.000067,0.999997,147456,1179651.37501,,,18,false
4,107.000067,108.000119,1.000052,835584,6684324.580557,,,102,false
4,108.000119,109.00012,1.000001,417792,3342332.812503,,,51,false
4,109.00012,110.000118,0.999998,802816,6422540.250023,,,98,false
4,110.000118,111.000072,0.999954,434176,3473567.83548,,,53,false
4,11.000074,12.000067,0.999993,1196032,9568322.156707,,,146,false
4,111.000072,112.000067,0.999995,647168,5177369.922005,,,79,false
4,112.000067,113.000068,1.000001,630784,5046267.187505,,,77,false
4,113.000068,114.815863,1.815795,229376,1010581.071003,,,28,false
4,114.815863,115.000071,0.184208,221184,9605828.814092,,,27,false
4,115.000071,116.000068,0.999997,589824,4718606.625045,,,72,false
4,116.000068,117.000068,1,786432,6291456,,,96,false
4,117.000068,118.000118,1.00005,819200,6553271.891428,,,100,false
4,118.000118,119.032517,1.032399,65536,507834.694639,,,8,false
4,119.032517,120.000126,0.967609,491520,4063790.528848,,,60,false
4,12.000067,13.000068,1.000001,1187840,9502710.937509,,,145,false
4,13.000068,14.00007,1.000002,1196032,9568237.750035,,,146,false
4,14.00007,15.00007,1,1196032,9568256,,,146,false
4,15.00007,16.000067,0.999997,1196032,9568283.375078,,,146,false
4,16.000067,17.000067,1,1196032,9568256,,,146,false
4,17.000067,18.000066,0.999999,1196032,9568265.125009,,,146,false
4,18.000066,19.000069,1.000003,1187840,9502692.812578,,,145,false
4,19.000069,20.000071,1.000002,1196032,9568235.468794,,,146,false
4,20.000071,21.000071,1,1196032,9568256,,,146,false
4,2.000066,3.000067,1.000001,1187840,9502710.937509,,,145,false
4,21.000071,22.000066,0.999995,1196032,9568303.90649,,,146,false
4,22.000066,23.000071,1.000005,1196032,9568208.09399,,,146,false
4,23.000071,24.00007,0.999999,1187840,9502731.328139,,,145,false
4,24.00007,25.00007,1,1196032,9568256,,,146,false
4,25.00007,26.00007,1,1196032,9568256,,,146,false
4,26.00007,27.00007,1,1196032,9568256,,,146,false
4,27.00007,28.000067,0.999997,1196032,9568283.375078,,,146,false
4,28.000067,29.000067,1,1196032,9568256,,,146,false
4,29.000067,30.000071,1.000004,1187840,9502681.484531,,,145,false
4,30.000071,31.000071,1,1196032,9568256,,,146,false
4,3.000067,4.000067,1,1196032,9568256,,,146,false
4,31.000071,32.00007,0.999999,1196032,9568267.406264,,,146,false
4,32.00007,33.000068,0.999998,1196032,9568274.250035,,,146,false
4,33.000068,34.00007,1.000002,1196032,9568237.750035,,,146,false
4,34.00007,35.000067,0.999997,1196032,9568283.375078,,,146,false
4,35.000067,36.000069,1.000002,1187840,9502701.875035,,,145,false
4,36.000069,37.000067,0.999998,1196032,9568274.250035,,,146,false
4,37.000067,38.000071,1.000004,1187840,9502681.484531,,,145,false
4,38.000071,39.00007,0.999999,1196032,9568267.406264,,,146,false
4,39.00007,40.000067,0.999997,1196032,9568283.375078,,,146,false
4,40.000067,41.000065,0.999998,1196032,9568276.531294,,,146,false
4,4.000067,5.000071,1.000004,1196032,9568217.218907,,,146,false
4,41.000065,42.000069,1.000004,1187840,9502681.484531,,,145,false
4,42.000069,43.000071,1.000002,1196032,9568235.468794,,,146,false
4,43.000071,44.000066,0.999995,1196032,9568303.90649,,,146,false
4,44.000066,45.000071,1.000005,1196032,9568208.09399,,,146,false
4,45.000071,46.000068,0.999997,1196032,9568285.656342,,,146,false
4,46.000068,47.000067,0.999999,1187840,9502729.062509,,,145,false
4,47.000067,48.00007,1.000003,1196032,9568228.625078,,,146,false
4,48.00007,49.000071,1.000001,1196032,9568244.593764,,,146,false
4,49.000071,50.00007,0.999999,1196032,9568267.406264,,,146,false
4,50.00007,51.00007,1,1196032,9568256,,,146,false
4,5.000071,6.000068,0.999997,1196032,9568285.656342,,,146,false
4,51.00007,52.000066,0.999996,1196032,9568292.500139,,,146,false
4,52.000066,53.000066,1,1187840,9502720,,,145,false
4,53.000066,54.00007,1.000004,1196032,9568219.500139,,,146,false
4,54.00007,55.00007,1,1196032,9568256,,,146,false
4,55.00007,56.000068,0.999998,1196032,9568274.250035,,,146,false
4,56.000068,57.000071,1.000003,1196032,9568226.343842,,,146,false
4,57.000071,58.00007,0.999999,1187840,9502731.328139,,,145,false
4,58.00007,59.000071,1.000001,1196032,9568244.593764,,,146,false
4,59.000071,60.000071,1,1196032,9568256,,,146,false
4,60.000071,61.000071,1,1196032,9568256,,,146,false
4,6.000068,7.000071,1.000003,1187840,9502690.546966,,,145,false
4,61.000071,62.00007,0.999999,1196032,9568267.406264,,,146,false
4,62.00007,63.000068,0.999998,1196032,9568274.250035,,,146,false
4,63.000068,64.000067,0.999999,1187840,9502729.062509,,,145,false
4,64.000067,65.000067,1,1196032,9568256,,,146,false
4,65.000067,66.000068,1.000001,1196032,9568246.875009,,,146,false
4,66.000068,67.000071,1.000003,1196032,9568226.343842,,,146,false
4,67.000071,68.000071,1,1187840,9502720,,,145,false
4,68.000071,69.000067,0.999996,1196032,9568294.781407,,,146,false
4,69.000067,70.00007,1.000003,1187840,9502692.812578,,,145,false
4,70.00007,71.00011,1.00004,1196032,9567872.76535,,,146,false
4,7.000071,8.00007,0.999999,1196032,9568267.406264,,,146,false
4,71.00011,72.000069,0.999959,1187840,9503109.703481,,,145,false
4,72.000069,73.000067,0.999998,1024000,8192015.62503,,,125,false
4,73.000067,74.00012,1.000053,516096,4128549.480316,,,63,false
4,74.00012,75.000117,0.999997,434176,3473417.937528,,,53,false
4,75.000117,76.00008,0.999963,679936,5439690.320025,,,83,false
4,76.00008,77.000082,1.000002,237568,1900539.921884,,,29,false
4,77.000082,78.00007,0.999988,311296,2490398.281618,,,38,false
4,78.00007,79.00007,1,958464,7667712,,,117,false
4,79.00007,80.000117,1.000047,458752,3669842.758178,,,56,false
4,80.000117,81.000071,0.999954,458752,3670184.882771,,,56,false
4,8.00007,9.000071,1.000001,1196032,9568244.593764,,,146,false
4,81.000071,82.000071,1,983040,7864320,,,120,false
4,82.000071,83.000069,0.999998,802816,6422541.78128,,,98,false
4,83.000069,84.000118,1.000049,524288,4194098.010117,,,64,false
4,84.000118,85.00007,0.999952,417792,3342496.976503,,,51,false
4,85.00007,86.000118,1.000048,475136,3800904.946316,,,58,false
4,86.000118,87.000066,0.999948,294912,2359418.631374,,,36,false
4,87.000066,88.000067,1.000001,737280,5898234.375005,,,90,false
4,88.000067,89.000067,1,532480,4259840,,,65,false
4,89.000067,90.000071,1.000004,376832,3014643.7813,,,46,false
4,90.000071,91.000084,1.000013,876544,7012261.719912,,,107,false
4,9.000071,10.000067,0.999996,1196032,9568294.781407,,,146,false
4,91.000084,92.000082,0.999998,573440,4587528.750017,,,70,false
4,92.000082,93.000071,0.999989,573440,4587570.313052,,,70,false
4,93.000071,94.000071,1,671744,5373952,,,82,false
4,94.000071,95.000071,1,884736,7077888,,,108,false
4,95.000071,96.000072,1.000001,1007616,8060920.312507,,,123,false
4,96.000072,97.00012,1.000048,327680,2621314.38102,,,40,false
4,97.00012,98.000119,0.999999,229376,1835009.750002,,,28,false
4,98.000119,99.000119,1,630784,5046272,,,77,false
4,99.000119,100.000121,1.000002,155648,1245181.625005,,,19,false
